3.07134321219495E-01
3.17932021825821E-01
3.96038558836339E-01
3.02472314061048E-01
2.67636051340852E-01
4.06001291475806E-02
8.33836468210548E-02
1.42442810787334E-01
1.61661174976122E-01
2.49074887303712E-01
2.90301276652045E-01
3.32723782597596E-01
3.35515839361011E-01
3.17605030353639E-01
4.49877564406119E-01
2.55336394091734E-01
1.83866544999452E-01
1.03082470114562E-01
1.08643789385534E-01
1.34444970383366E-01
1.79626676507311E-01
3.05692054039492E-01
2.80492833059739E-01
3.06969832940732E-01
3.51734397337342E-01
4.55799758502577E-01
4.46122604347919E-01
3.79449337510235E-01
1.81413390220289E-01
1.50871277808739E-01
5.40184162142409E-02
1.32382398258646E-01
1.88196495295527E-01
2.2340547490206E-01
2.82199732651604E-01
3.02991927262919E-01
3.60080859798631E-01
3.79413674425243E-01
3.09645796437071E-01
3.05591704552739E-01
1.83040201886163E-01
1.23104999221749E-01
1.31290943574965E-01
1.50656135628067E-01
1.94969743395258E-01
2.03173895772673E-01
3.08220505159329E-01
3.78148901255574E-01
2.85524476799678E-01
4.05076378607455E-01
3.96867913803254E-01
3.08750112239143E-01
2.07295549009955E-01
9.03009162851297E-02
8.76927194953969E-02
1.17360846745377E-01
1.49607736761009E-01
2.55881334244559E-01
2.97312598090744E-01
3.50714337274864E-01
4.01899694445631E-01
3.90635361880783E-01
3.53685051719333E-01
3.60023018518749E-01
1.90972260668869E-01
1.29530515130004E-01
9.82060052876308E-02
1.08075507367101E-01
2.15107544354895E-01
2.60536359378689E-01
3.22109805062516E-01
3.41459321786513E-01
3.67871977521838E-01
3.96444200758916E-01
3.57242187755216E-01
3.52582781743082E-01
2.6017397862639E-01
1.26259162932589E-01
1.40659724988952E-01
1.55565251686364E-01
1.99953813538134E-01
2.6995771132871E-01
3.50235589450614E-01
4.06796899991857E-01
4.17622460244233E-01
4.34874494721925E-01
4.41511456445036E-01
3.01611950692017E-01
2.55502319846093E-01
1.10570143584853E-01
1.20282276312314E-01
1.6156869737953E-01
2.15608059666723E-01
2.19326466774086E-01
3.07861683870407E-01
3.48851574257805E-01
4.00493911765245E-01
3.93696774190154E-01
2.96662653768288E-01
3.49322860899206E-01
1.52873544409701E-01
1.50664212871885E-01
8.50011491211723E-02
1.03790666424212E-01
2.12046132045523E-01
2.30995346042011E-01
3.36048252940796E-01
3.5138406399955E-01
3.8709184763744E-01
4.26996991560598E-01
3.72728865300194E-01
3.64059176183757E-01
2.6161871005027E-01
9.6441127513448E-02
5.39121114714529E-02
6.58945657726763E-02
1.70328126043807E-01
2.20582067480436E-01
3.16755482277178E-01
3.89870077254659E-01
4.18220655445279E-01
4.26236566971009E-01
4.08094050588016E-01
3.74020950506162E-01
2.28687787005224E-01
2.09087807271656E-01
8.85300832549121E-02
1.40869527974557E-01
1.38190689527029E-01
2.74761480961282E-01
2.88922395300646E-01
3.17793545010199E-01
4.17148298651643E-01
4.51474736694255E-01
3.74148748931652E-01
2.78915032466523E-01
2.22113184342435E-01
1.94546920216763E-01
1.06090353570837E-01
1.30698361373859E-01
1.8094710051786E-01
2.41064041168173E-01
3.02561437547918E-01
4.01316216256625E-01
3.80355631647076E-01
3.95735388388298E-01
4.24302751588839E-01
3.28027960537064E-01
2.39655041280504E-01
1.50473507776324E-01
6.63961763040034E-02
7.67721489513352E-02
2.09894915592464E-01
2.24849932521064E-01
3.01949825907987E-01
3.30046176272005E-01
3.08595138679792E-01
4.40503375345847E-01
4.07180295268326E-01
2.82940717095055E-01
1.70498295773731E-01
1.15559416020358E-01
8.97560445835242E-02
1.39296998125188E-01
2.31516259817038E-01
2.17533797805072E-01
2.72707122982817E-01
3.67430672514269E-01
4.48549268505409E-01
4.41647879724094E-01
4.27757621503844E-01
3.52373731720884E-01
1.65316333157319E-01
1.34244750568392E-01
1.09597657119437E-01
1.46163750589793E-01
1.78512290665334E-01
2.59826520239789E-01
3.55931415366517E-01
4.10571505549852E-01
4.12512371407555E-01
4.39963705936871E-01
3.54138472592628E-01
3.73239716746059E-01
2.20186830143116E-01
2.0907562295471E-01
1.09035398808258E-01
1.11826223449735E-01
2.31011021371114E-01
2.63454366384686E-01
3.16689837558354E-01
3.92741332078219E-01
3.04998848546759E-01
3.78171627060214E-01
3.94018289564834E-01
2.98851381489248E-01
2.49285785508818E-01
1.24204257344373E-01
8.23151917468887E-02
6.81605064684356E-02
1.83404499272588E-01
2.13622905870458E-01
3.29073142196839E-01
3.6407772646405E-01
3.66084921552766E-01
3.58464315815576E-01
4.14729711737971E-01
3.37030185674405E-01
2.33608950478028E-01
1.06363405482609E-01
7.44576078902314E-02
1.52757656496282E-01
1.84229747166377E-01
2.54759418768514E-01
2.91572758041155E-01
3.07695073603861E-01
4.07170849000133E-01
4.68753261793621E-01
4.99465133227782E-01
3.19539872504089E-01
2.24504801475901E-01
1.20695858576271E-01
6.93265729806028E-02
1.35636090041612E-01
1.5111653852568E-01
1.6758391668233E-01
2.66753167520839E-01
3.00407756850981E-01
3.06718480065317E-01
3.97983805572045E-01
4.25530698002798E-01
3.09518887877426E-01
2.01300112109388E-01
1.1572739531128E-01
7.79992054994481E-02
1.21362299642457E-01
1.32717330072208E-01
2.72509709667813E-01
3.51640824521249E-01
3.2069149580909E-01
4.38044059956993E-01
3.92586084713993E-01
3.37013209772144E-01
3.43425651497608E-01
2.54039722654107E-01
1.43722369420262E-01
7.56965749504148E-02
7.5910485009148E-02
1.92526650945258E-01
1.7757546728491E-01
2.94844041787353E-01
3.81822472814627E-01
3.93771659823516E-01
3.68345180797366E-01
3.61223858250064E-01
3.61008579166955E-01
1.8709573124609E-01
1.23318977731701E-01
1.15052466293965E-01
1.45503607035737E-01
1.87094499124151E-01
2.72973398223928E-01
3.07930066637983E-01
2.81950501763972E-01
3.95940057532493E-01
3.93598752044842E-01
3.79940132748992E-01
2.85303790070284E-01
2.01896938286059E-01
1.27069077753367E-01
1.48369180408138E-01
6.37119986614087E-02
1.8804467049224E-01
2.46825580254119E-01
2.68652209683859E-01
4.12685142283793E-01
3.28714252456699E-01
4.23308018477317E-01
3.27786533088375E-01
3.24455149172076E-01
2.09607899632058E-01
9.66118448531222E-02
1.43950448881286E-01
1.36943097613277E-01
1.55478729345807E-01
2.29849198834513E-01
2.67261828527702E-01
3.97844781146674E-01
3.75310571468254E-01
4.05302130727038E-01
3.94498680218335E-01
3.29363375364528E-01
2.35709992187711E-01
1.76220680762526E-01
4.15194974672116E-02
1.24984395884976E-01
2.07773338517142E-01
2.54480411600707E-01
2.7159725492128E-01
3.30799002776309E-01
3.6533565451184E-01
3.52334646074952E-01
3.85843776565157E-01
2.57966495271481E-01
1.65515936911324E-01
1.47097699019027E-01
1.17116818150374E-01
1.32796801937228E-01
1.73146057367927E-01
2.6845904034442E-01
3.03400923295216E-01
3.5523109094703E-01
3.16181587258804E-01
4.36753549129057E-01
3.60859766217295E-01
2.80149755551141E-01
1.78367242532708E-01
1.08688624933844E-01
3.49563946091799E-02
7.82988849353312E-02
1.27529138394886E-01
2.93997231759643E-01
2.95472766231981E-01
3.64397804363134E-01
3.95706022815435E-01
4.5224850927151E-01
3.37069202869117E-01
3.08348714292131E-01
1.47529010148652E-01
8.98960957771781E-02
6.64584669131068E-02
8.87296870089174E-02
1.722707716332E-01
2.59461949048488E-01
3.12126947764721E-01
3.32369410637896E-01
3.73703884460705E-01
2.93225444267734E-01
3.99511910580418E-01
3.22465751400247E-01
1.87963213541875E-01
6.45777012255046E-02
1.04302886894452E-01
6.21532275070166E-02
1.54352159186885E-01
2.89339605479198E-01
3.52109715369993E-01
4.18055688007984E-01
4.26726472343921E-01
4.31522438537551E-01
3.89580665501594E-01
2.99721601833784E-01
2.00961278576355E-01
8.16007663763288E-02
5.8625662397653E-02
7.68880368647546E-02
1.78216581400141E-01
2.39766411413483E-01
3.64681534665038E-01
4.34541342640052E-01
4.65254583098588E-01
4.4968843368859E-01
4.53369055723178E-01
4.17061434054991E-01
2.45738301094784E-01
1.42937507745563E-01
1.08066677159876E-01
1.10220152503156E-01
1.32823497912558E-01
2.10675122584285E-01
2.95523899292421E-01
4.29718406666217E-01
3.92074959463253E-01
4.19009145034575E-01
3.87542598913203E-01
2.08742950031369E-01
1.80628254740714E-01
8.99535263497471E-02
5.39424353613787E-02
5.06283011522166E-02
1.34344278640519E-01
2.4433244996318E-01
3.26392797822496E-01
2.76504248991794E-01
4.07901702663203E-01
4.267992359895E-01
4.42257506278679E-01
3.44518338303228E-01
1.70588240675227E-01
8.3677165647246E-02
6.28903786822164E-02
6.9741798073811E-02
2.08414384181154E-01
2.79996561723478E-01
3.09959645275244E-01
4.26298652226455E-01
4.51758261642503E-01
4.65532495046894E-01
4.21630210653441E-01
3.3957917215988E-01
2.07834260101869E-01
1.29788439322422E-01
5.59869363643376E-02
4.6941655410374E-02
1.58873156834616E-01
2.51459933120174E-01
3.53487227697016E-01
3.9928513169255E-01
4.47925198743658E-01
4.82803422060974E-01
4.39071786555975E-01
2.79012164745992E-01
2.14114385621404E-01
1.58340880157268E-01
9.16486523319777E-02
9.95753719196179E-02
1.56839471124226E-01
2.95238389258828E-01
4.01263166562059E-01
3.87971924957482E-01
4.40408707310253E-01
4.71748755579294E-01
4.6025360550467E-01
3.44607256436442E-01
2.36891254870451E-01
9.37175219688275E-02
9.26684385895806E-02
1.16477689120488E-01
1.7607850758109E-01
3.10096889968928E-01
3.79224269902839E-01
4.11075991032369E-01
4.88479397123427E-01
4.47267793238355E-01
4.62530977553969E-01
3.83708030087544E-01
3.19111230971996E-01
1.17519311316887E-01
9.35329774829572E-02
9.43389221330454E-02
1.13808707648466E-01
2.01300659719139E-01
2.89422636807597E-01
3.29719527055917E-01
3.4890975779378E-01
4.47556109771918E-01
4.76211980398363E-01
2.75045758872936E-01
1.81652627229976E-01
9.3689662322778E-02
4.74052070640515E-02
1.13831501904324E-01
2.1046189703774E-01
2.67561576414803E-01
3.06577265200944E-01
3.94528593400948E-01
4.79214866915664E-01
4.36428063583688E-01
4.13598418444951E-01
3.28221061425283E-01
2.25168299139678E-01
8.99904900078961E-02
2.47920046791427E-02
1.0021299502269E-01
1.74604342133129E-01
2.3457199067525E-01
3.5228707247789E-01
4.07363470729822E-01
3.8781195445916E-01
4.55696465613415E-01
3.65344758523939E-01
3.61158281982458E-01
2.11616395293931E-01
7.01381306306322E-02
5.27138044352337E-02
1.43725997334858E-01
1.30427842157183E-01
2.77698585857323E-01
3.954422118182E-01
4.13363220057173E-01
4.64365880924977E-01
4.45406604599328E-01
4.33468985846414E-01
3.29008661148735E-01
1.96879053241098E-01
1.10046012602543E-01
7.33627990968295E-02
6.41599434372008E-02
1.73675048386772E-01
2.82605100769305E-01
3.77097216730014E-01
4.49535034507271E-01
