-8.12333314765121E-03
-2.969109335863E-03
-2.57164917441082E-02
1.44459408842605E-02
1.09034800871132E-01
-4.23217980058183E-02
-4.05074615680395E-03
7.27993727408338E-03
-6.09319446785755E-03
1.05674243096782E-03
1.18820126624601E-02
1.76496931748306E-02
5.69202383696354E-03
-2.05839357132707E-02
3.13604803848043E-02
-4.39328988298849E-02
1.13881340527769E-02
9.92525127642296E-03
1.52187142872755E-02
-2.64815017472037E-03
3.847277443948E-03
5.56475423398201E-02
-7.82356986636296E-03
-1.88675575546424E-02
8.11383889255926E-03
1.0139125606723E-01
3.09405243109782E-02
6.95834079638881E-02
-4.56734598964248E-03
4.80815123209223E-02
-4.46632983969649E-02
-5.8689650935006E-03
5.64392128527519E-03
-2.73071225213838E-02
-1.39219427276212E-02
-3.09636156782654E-02
5.58442733115078E-03
1.2479719882366E-02
-9.89821169202254E-02
-1.03767887112311E-02
-1.14688752884951E-02
1.58973430858357E-02
3.33241704669601E-02
1.67380258379037E-02
1.09989708423021E-02
-4.328218978387E-02
8.93750735494725E-03
4.02216816824792E-02
-7.65471664531637E-02
2.82051987806392E-02
-4.00047496931027E-03
-1.22820122402068E-02
4.63862539436366E-03
-2.21448672671621E-02
-1.07446888411456E-02
-1.42936407042611E-02
-3.81927668278541E-02
1.07765840620725E-02
-8.48868743333875E-03
4.91687587608874E-03
2.80751093242668E-02
-1.22298699611739E-03
-4.42900158931306E-02
2.8660515124631E-02
-2.48632230870841E-02
6.77872378585487E-03
-5.82765235445731E-03
-2.65499334787348E-02
1.87334284545823E-02
1.19612774165899E-02
5.25205635992876E-03
-1.66930959415046E-02
-2.09935533662063E-02
-1.33018654113467E-02
-3.79515454349559E-02
8.26194734277441E-03
2.99749929018439E-02
-5.12537821736303E-03
3.1720014929247E-02
1.94325683969804E-02
-1.79561061615879E-03
2.01008527094093E-02
2.61558052684328E-02
4.06044285779796E-02
1.9713224113229E-02
1.72669407700898E-02
4.89975589831372E-02
-4.6528020579459E-02
2.00935494355018E-02
-2.59765530131636E-02
1.46176626324875E-02
2.93618871273031E-02
1.77004293114073E-02
-2.87943835175097E-02
-1.37533452542126E-02
-1.66460456622572E-02
7.30548496822248E-04
-2.43671391519645E-02
-9.27463417873111E-02
6.27605299128559E-03
-8.08181179963447E-02
1.30507163555689E-02
-1.1814425305241E-02
-2.0254197476575E-02
2.0404961619832E-02
-1.04744808083651E-02
2.16887379815713E-02
-9.255671550077E-03
-1.12486016149126E-02
9.48799375850623E-03
-1.6349672358664E-02
2.74406976958371E-02
3.07532226474079E-02
-4.2681920623486E-02
-3.79442384989563E-02
-5.53768684482904E-02
-2.15470123927086E-02
-1.75698761759495E-02
5.35192326945627E-03
2.83524316098226E-02
1.63265773256276E-02
3.57505420271403E-03
1.30028053225595E-02
3.82860887013876E-02
-1.00412404208439E-04
6.62613524737803E-02
-2.12383135407435E-03
1.92250356502194E-02
-5.53806694670173E-02
3.71821397272249E-02
-2.10055806577569E-02
-4.64918991380889E-02
1.15916947905459E-02
2.50996266199172E-02
-2.42906766532549E-02
-5.65201103359224E-02
-7.25357657688608E-04
4.96977159350698E-02
1.81871323965416E-02
1.22879542359235E-02
-1.07416745894701E-02
5.22431605808998E-03
-3.4786461142049E-03
3.74724194418068E-02
-2.30496947611747E-02
-2.74179125233948E-02
2.8453452950893E-02
-2.93101024942349E-03
2.34301030114938E-02
6.7453556210228E-03
-1.90745099622735E-02
-3.84824521776545E-02
1.97492753498871E-02
-1.14232283268117E-02
-3.95856708827613E-03
-3.64055650886828E-02
-9.41541173777858E-02
1.90349292629445E-02
7.79280093091317E-03
-4.78879865577512E-02
-4.84720243434893E-02
-3.07288832315771E-02
-6.91128212716996E-04
1.84858146299522E-02
3.54446109783688E-02
-2.45321793562822E-02
-3.87610185169295E-02
-4.23415064612331E-03
4.1838197162772E-02
1.87403431783821E-02
2.01034093521917E-02
1.77179448965745E-02
-6.04182086211231E-02
-1.45370049658843E-02
1.23582750306222E-02
1.64799654581357E-02
-2.47018733824159E-02
1.25941760317553E-02
3.90214563636336E-02
3.78123399553869E-02
3.6726164170206E-03
1.75102425605979E-02
-5.74316233296795E-02
3.69998680644946E-02
-6.73471293934447E-03
6.578927436798E-02
1.30316734669756E-02
-1.86344277869628E-02
3.17515299809014E-02
1.87031885307773E-02
1.66341165523309E-03
2.82571754075685E-02
-9.96662402172086E-02
-3.63195532918147E-02
-9.84025627366419E-03
-3.4487115242535E-02
2.66772608822938E-02
-9.68489518781973E-03
-6.78222778238824E-03
-5.64805041346658E-02
-4.85757745310356E-03
-2.4835987057543E-02
2.04921223406338E-02
1.16690719572546E-02
-3.08300468600209E-02
-4.28494672065107E-02
2.53997057120108E-02
1.02225216515278E-02
1.74475350716817E-02
-1.75310583926997E-02
-6.58603761698734E-03
3.69110840165369E-02
8.2486083025492E-03
2.24213920628501E-02
-9.6782128748639E-03
-3.40378280321537E-02
1.82968771624363E-02
7.82826754084517E-02
1.20281079728266E-01
-3.5286422410995E-03
9.60769157610475E-03
-6.53077261734691E-05
-1.26381614597817E-02
2.21394897507168E-02
-2.1693317525577E-02
-6.62145750895038E-02
-3.20465806891859E-02
-3.96591189873708E-02
-7.89358123670296E-02
9.77809576786154E-03
4.99505787215133E-02
-1.24929909114289E-02
-1.3505736813564E-02
-3.95911102502278E-03
-9.13598606309718E-03
7.14939746476845E-03
-3.89245162557341E-02
3.72972691183371E-02
5.70892191243059E-02
-2.20271310018414E-02
5.35872578899796E-02
1.67313857673818E-03
-3.8598693022487E-02
2.01588515011563E-02
3.83510669707431E-02
2.03440474490708E-02
-2.02373335643916E-02
-4.40800895203595E-02
1.72783122210117E-02
-6.38160411954234E-02
4.63435910119214E-04
3.20832900564037E-02
7.51126422185261E-03
-2.91477785049063E-02
-1.47731846588489E-02
3.7013870172918E-02
-2.71953904756229E-02
-4.85273570801292E-03
1.40114874637866E-02
2.40202654026148E-02
1.04301506342651E-02
2.76944954888791E-02
1.59783221732339E-02
-7.14605170347331E-02
1.34602046102092E-02
-6.32632870879979E-03
8.15112627413445E-03
-3.41844239032006E-02
-6.79737656683471E-03
-2.69917948204929E-03
4.68034571624553E-02
-5.56951273870779E-02
1.03563197941229E-02
-3.7040643680758E-03
-2.36107725781926E-02
5.31726712776425E-02
-5.05289297300149E-02
1.7807624627021E-02
-4.29773857418694E-02
8.7507431444081E-03
7.0243125698477E-03
-3.1416689097582E-02
4.39306842133449E-02
2.16562027131159E-02
-2.11235995166346E-02
-2.51504185748441E-02
-2.43884321462826E-02
3.47283846257667E-02
4.22985142887022E-04
-6.09619454464477E-03
2.46623767933002E-02
1.86728488544833E-02
4.02723319772517E-02
5.44640805829618E-02
-5.53557919217766E-02
1.51091485817036E-02
3.47897786215624E-02
-3.50313503572591E-03
-2.08234109915237E-02
-3.46643431292094E-02
-7.27265947741229E-03
-6.31329795159088E-02
1.58872176760952E-02
-4.59754339446019E-02
-2.24388190394776E-02
3.51839972187047E-02
2.8366288743672E-02
3.21088809192753E-02
8.00469229134226E-03
1.24748080516789E-02
9.86574214691299E-03
-1.00198711725404E-02
-5.56585337312929E-02
2.1416176908372E-02
-9.26021530015358E-03
-1.7368763168799E-02
-3.74072159168529E-03
5.34498331704306E-03
-4.36922684388878E-02
-1.30078751192924E-02
-3.03763569028694E-02
4.10059402866964E-02
-3.21817658379253E-03
-5.96929182978662E-03
1.81034246208955E-02
3.37795546752373E-02
-3.91403695727554E-02
8.65432965691687E-03
-3.4869862851235E-02
-1.15228434827512E-02
-7.9755000383028E-03
1.3822384190727E-03
1.58269736084455E-02
4.31930019736326E-03
2.92195532190781E-03
-5.02743400988842E-02
-1.59972418231215E-02
-1.33571013632891E-01
1.16383867408953E-02
1.22242031704396E-02
9.11443886558783E-04
-3.88447671912183E-02
2.71130371462583E-02
-2.53457865681013E-02
-6.94251682338259E-03
2.6404034547353E-02
2.86968663641944E-02
1.75223640428097E-02
1.96346485438228E-02
-8.94382537788208E-03
-1.34069853067261E-02
-2.40623057037289E-02
6.1733735370959E-03
-2.47477412010784E-02
-2.18254468184499E-02
-8.37053612125654E-03
1.49576411709661E-02
-2.47154965434632E-02
3.45126261827398E-02
2.6945705991196E-02
4.92238270711974E-02
6.28334343276093E-03
4.49126042314252E-02
9.2451284300899E-02
5.17468133754673E-02
4.12119550620014E-02
3.41619082031974E-02
3.42936400026943E-02
-2.44930280522035E-02
-4.71621133286227E-02
-3.49723903863473E-02
2.36125626079809E-02
-2.75685590354736E-02
-2.20425513022408E-02
-2.53521510119334E-02
-1.14568484304854E-01
-1.36303361231654E-02
-1.00203611827256E-02
-1.58347087940389E-02
-2.10874162961291E-02
-1.83470545068136E-02
-9.34053071428526E-03
-5.37391014114308E-03
-1.27442456144427E-01
-1.49451479741864E-02
-1.26778774295713E-02
2.42649401064209E-02
2.13008300544599E-02
-2.44906352356558E-02
-1.70073697612554E-02
-5.19653603964798E-03
-3.39937479102637E-03
5.68314096687454E-02
2.36263988524134E-02
-2.71463296069998E-02
2.01614880545647E-02
1.74947154279538E-02
1.77770860502522E-02
-1.05182901935105E-02
5.91945474254346E-03
3.31974943565544E-03
1.88019212607708E-02
-1.96425649338752E-02
-3.88003349911436E-02
-2.39215357163647E-03
-1.6308716286402E-02
6.8970614638319E-03
-1.18036245655067E-02
-2.05835317452024E-03
2.44782657105921E-02
-6.48713122345762E-03
-6.47605410046067E-02
1.6750067982535E-04
3.98398173688462E-02
1.08294893107691E-02
2.07665272602559E-03
-1.39805984098952E-02
1.84674760239435E-02
4.6459001795872E-02
-2.5198645980878E-02
-1.9532884180986E-02
7.54128360449263E-03
1.11104623595449E-02
-3.42614274825404E-03
1.8055481207225E-02
-2.4149927320823E-02
1.37390359654863E-02
1.20372043880468E-02
4.61095529164479E-03
3.40455319986814E-02
2.14206702362894E-02
-3.98958503679547E-04
2.91864464941362E-02
-1.24511276837003E-02
2.01771551883725E-02
4.10452116160224E-02
1.05551093629423E-01
8.84240281929349E-03
2.35583985194592E-02
-8.07612236951449E-03
-5.08497364479241E-02
-6.86119569253885E-02
-6.60670578047176E-02
-7.66904192983931E-02
-1.06000367885552E-01
-3.69182773495724E-03
4.3528116708265E-02
-5.95076515223111E-02
-2.39238437935363E-02
-3.34525132759761E-03
-1.15135995589913E-02
1.57554768127137E-02
5.44776810114505E-02
5.7519036270165E-03
-4.46261162945173E-02
-6.52751311868727E-03
2.88144117088706E-02
-6.59211542579996E-03
-1.07286653648446E-02
-7.53562781353967E-04
2.40936227844583E-02
-4.69789197454773E-06
-2.89344408637637E-02
-9.09165944648349E-04
1.86567921239408E-02
-2.82246885335395E-02
-4.41104067166198E-03
4.24874022832034E-04
-6.89834444637841E-02
1.00156599769504E-02
-6.10671857917563E-02
2.71013530609989E-02
5.17176700974697E-03
-2.1826539057914E-02
-3.66071329823914E-03
3.24865032613269E-02
-3.16105217593618E-02
9.05201909122172E-03
2.91117608672477E-02
-3.35510899361335E-03
-1.15505490844453E-03
-4.88150249087022E-03
3.97477080850683E-03
-1.14952589339493E-02
-1.57210591090965E-02
1.55255338104703E-02
1.3811217316136E-02
-5.7708012522084E-02
4.96705403558595E-03
7.49297632722906E-03
2.94437091254651E-04
2.18478222089347E-02
