1.844699329800000842e-01
1.161071949600001041e-01
3.987505609600001111e-01
5.580554579600001119e-01
1.201776379800001404e-01
-1.966275811039999821e+00
-1.815162724019999896e+00
-1.973705948999999960e+00
-4.467440159999999771e+00
-4.354407122019999576e+00
-4.114407122019999363e+00
-4.058918299999999313e+00
-4.150563428999999083e+00
-3.950018566979998980e+00
-3.744768225979998810e+00
-3.443024897959998665e+00
-3.463666141959998779e+00
-3.411890640959998944e+00
-3.405481163959998891e+00
-3.375473722939998922e+00
-4.003497230939998985e+00
-3.774477425939998909e+00
-3.868349289959998938e+00
-3.628562164959999059e+00
-4.444964526939998883e+00
-4.165831611939998957e+00
-4.009808356939998930e+00
-3.848932655919998780e+00
-3.959288797899998880e+00
-3.740029924919999083e+00
-3.469757493899999101e+00
-3.197328694899999046e+00
-2.862511401879999084e+00
-5.200802462879998700e+00
-5.049536002879998264e+00
-5.600397344899998409e+00
-5.261814307879998154e+00
-5.787101656859998222e+00
-5.979933932859998080e+00
-6.941773826839997774e+00
-6.673665594859997441e+00
-7.348428538859997694e+00
-7.058428538879997660e+00
-6.755556426859997465e+00
-6.529508414839997776e+00
-6.267235983859997361e+00
-6.591123164859997274e+00
-6.310578302859997102e+00
-8.222421775859997339e+00
-7.864421775839997686e+00
-7.948157617859997970e+00
-8.121346840839997583e+00
-8.087440162839998337e+00
-8.071322607839999108e+00
-7.713322607819999455e+00
-7.447670273819999132e+00
-7.481594600839999387e+00
-7.221240783859999013e+00
-6.965240783839998784e+00
-7.415457182839999106e+00
-7.945706310819999452e+00
-8.376406760840000132e+00
-8.210856613840000762e+00
-7.974856613860000998e+00
-7.678311751840000809e+00
-7.380490666860000992e+00
-7.106490666840000969e+00
-7.595545140820000540e+00
-7.237545140800000887e+00
-7.094743963780000939e+00
-6.668743963780000783e+00
-6.717567773760000804e+00
-7.411632176780001302e+00
-8.927291066780000506e+00
-9.770486323760000147e+00
-1.089892159777999936e+01
-1.117212643079999879e+01
-1.156816957079999852e+01
-1.164283666281999885e+01
-1.126629180081999948e+01
-1.095202963981999922e+01
-1.063308914479999956e+01
-1.029308914477999970e+01
-9.986544282800000616e+00
-9.861937170800000985e+00
-9.540565727800000673e+00
-9.291707277820000499e+00
-9.926502542799999773e+00
-1.030865561481999926e+01
-1.060446497583999914e+01
-1.038435437085999880e+01
-1.008344574187999854e+01
-9.872748042879997854e+00
-1.079103439689999888e+01
-1.128830999091999843e+01
-1.129597764391999881e+01
-1.112578296789999932e+01
-1.137892868191999973e+01
-1.107692868194000013e+01
-1.083288228994000058e+01
-1.054433742796000040e+01
-1.124325298297999964e+01
-1.234646594899999883e+01
-1.292627888399999847e+01
-1.251945238097999891e+01
-1.226620026795999863e+01
-1.199512773495999873e+01
-1.217492190795999818e+01
-1.197029969197999755e+01
-1.396476158395999789e+01
-1.612592078793999661e+01
-1.604587245893999636e+01
-1.601362671095999701e+01
-1.633677809993999830e+01
-1.820266515191999801e+01
-1.939395794393999850e+01
-1.989002344691999724e+01
-2.055298918293999577e+01
-2.041545406091999482e+01
-2.092833975089999399e+01
-2.150344645791999554e+01
-2.175361420491999453e+01
-2.227804654891999547e+01
-2.199439090893999449e+01
-2.165807762693999550e+01
-2.192653193995999672e+01
-2.170360487593999821e+01
-2.143771482393999861e+01
-2.115477579895999938e+01
-2.154903482397999781e+01
-2.142450503297999731e+01
-2.621304373897999795e+01
-3.227361197197999587e+01
-3.283652272197999622e+01
-3.401909803197999338e+01
-3.574171253197999221e+01
-3.547971253195998997e+01
-3.509171253193999007e+01
-3.474171253195999043e+01
-3.480129921595999321e+01
-3.548880928793999345e+01
-3.617776716691999184e+01
-3.727337576393999541e+01
-4.045145099791999854e+01
-4.089113073289999534e+01
-4.047530962589999604e+01
-4.344735842591999386e+01
-4.613470433793999348e+01
-4.927279439091999080e+01
-4.982248168491999252e+01
-5.106470756391999544e+01
-5.344111877693999446e+01
-5.341247322091999195e+01
-5.535389449689998997e+01
-5.716436876189999339e+01
-5.926312506989999207e+01
-7.037654882691998637e+01
-7.057506520993999288e+01
