1.17129131079723
1.18473318395308
1.17709443959297
1.16669141013186
1.16131468439265
1.15125255569903
1.14942748666339
1.17694946476787
1.18201795222385
1.17108658075487
1.19013927727369
1.2000506571751
1.1940745954974
1.19073972872699
1.18861448248066
1.19392488530684
1.18772125307299
1.18251977244172
1.17996028519306
1.17583119473021
1.18162877203111
1.18235213046736
1.19385812187802
1.1974509071546
1.19286928961886
1.1904318630195
1.18312155225655
1.18465860214294
1.18754856921411
1.18277074973074
1.17894076362125
1.18057937714447
1.17930403418313
1.20264921600691
1.19403495952168
1.20170119111243
1.20012167729357
1.1887011231592
1.18665169492171
1.18720385177757
1.18574870673862
1.17962028136847
1.17044480594094
1.17332638480423
1.18324431010943
1.20193265167497
1.20366224135642
1.19023035827535
1.19910809191957
1.20607354279106
1.19811122695073
1.1916290166523
1.17625391208232
1.17332966326839
1.1699257846407
1.16808086588148
1.17660160724795
1.17595984977579
1.19612995500667
1.19058594232913
1.18885650904498
1.18255318991682
1.18261291822584
1.18008154004931
1.17534583024418
1.17513286070882
1.16676886512194
1.16819102290907
1.17913250700975
1.18303776360147
1.18973196548991
1.18621470404979
1.19184068576439
1.18553740127658
1.18277277279825
1.17394857385906
1.17579594231112
1.16976016270931
1.16722666604094
1.16974055423574
1.1809325595917
1.18676725389388
1.19936383335219
1.18676927537528
1.19037283109948
1.18420622488944
1.1842852642849
1.18541275649178
1.1852746624519
1.18415197803831
1.17967659267474
1.17273470297193
1.1768346147175
1.17743088278022
1.18874592314912
1.17924673078367
1.18548746009427
1.18156281040196
1.17962987645163
1.17732100346476
1.18575346324025
1.18655588270532
1.17594154219717
1.18157239616537
1.17885852741034
1.17505276613058
1.19163065867423
1.18714509028466
1.17987363888104
1.18374251707791
1.18637285727111
1.17560747920779
1.18291877342038
1.18792517367678
1.17983291446553
1.18057183907819
1.18177391914073
1.1804646072898
1.18505990160102
1.19155877198606
1.18433765268939
1.18268036494534
1.1831614233387
1.17836712496702
1.18309059449098
1.1947830705048
1.18654108438104
1.16550067629138
1.17904403834204
1.18274243536264
1.18377632324903
1.18281748075804
1.1840246251247
1.18258985345357
1.17499667580066
1.18181777680327
1.18801806149457
1.18092800962178
1.16698261552028
1.16990298891646
1.17097057782873
1.1885742139134
1.20009663793148
1.19363850050755
1.18621909759035
1.17837718451067
1.17723614438196
1.18443882718786
1.18361557007326
1.18572920658078
1.18527231497363
1.17708203430097
1.16974542264212
1.173837990546
1.18066438852859
1.18662487601137
1.17980800270362
1.17382317758162
1.18036513684646
1.18321678882344
1.19011488685266
1.19545516144887
1.18445491604709
1.19595891674938
1.17719838356288
1.17344978615763
1.18028375293598
1.18671479872219
1.1794483717088
1.1798063354019
1.17903844323528
1.18192733190146
1.1808925515499
1.17720553842023
1.19102905929807
1.17667406964823
1.16282938113249
1.16961818239723
1.18122904726359
1.18306463122719
1.17957057705133
1.1701094406105
1.16694248418827
1.17854222335286
1.18261795246422
1.18528552059863
1.17583590632418
1.16063114759622
1.16501292862084
1.16898304336902
1.19757908692832
1.19566332569599
1.18786307432826
1.17019465807252
1.17478780912957
1.1838414295425
1.18782343868199
1.17894682159976
1.16832489267881
1.17008278053503
1.16375445915409
1.16359422340824
1.17944856530419
1.18134589314136
1.17574279910842
1.17092336888952
1.16901521896008
1.17048525145359
1.18053501553291
1.18445335517
1.20584289241831
1.19375182539401
1.19187150036069
1.19947020279679
1.20707691018977
1.21522873321736
1.21277793721495
1.20324992523455
1.20390623119796
1.20543948526075
1.2054241094576
1.19875734905276
1.19218379046645
1.1798812224639
1.1790582619464
1.18674353590428
1.16862537840127
1.18143984080315
1.17170186607176
1.17281379563508
1.16840826718969
1.17121094746243
1.16758196610203
1.17020807693497
1.17335307616843
1.14785846077663
1.14530726528699
1.1588690298078
1.17109485324177
1.17446362905376
1.1759385090497
1.16602300820563
1.16075708423787
1.16404680049351
1.17359549651659
1.17667620597704
1.17249824777612
1.17138169253006
1.15561499894209
1.15777528663148
1.16777395431838
1.18399313840373
1.17292247761293
1.16537195091566
1.15849227630816
1.1828035982108
1.1981076013435
1.19246500189911
1.21286622941494
1.18380180631068
1.16289165024854
1.16960286816565
1.18195899290854
1.18642858836661
1.18298205556642
1.18723881525963
1.17132288014895
1.17621914118079
1.17565936144258
1.18514580548479
1.19637801185489
1.17171915970355
1.16803153075117
1.17044477874502
1.17885469185258
1.1851561876448
1.19110410722576
1.18009956708497
1.17120902563511
1.17322271724114
1.17374878853511
1.18332795253601
1.17816200616757
1.17477638732314
1.15923916451484
1.16203712239281
1.17569702012019
1.17909634013633
1.18224809847223
1.17357623394252
1.17692905369341
1.16363967624979
1.16497102908879
1.17805434974256
1.17094839259907
1.14790902597248
1.13224990213676
1.14435112138807
1.15776984256654
1.1726940330379
1.15727747282958
1.16256428990425
1.15495779239557
1.15576194060636
1.16314362727679
1.17617158557532
1.16536461712861
1.14054722416112
1.14781932960791
1.15034697540928
1.16683814122777
1.18420620844779
